1000 290732
5400 872
5017 556
8378 2158
5256 5395
9288 4636
7845 6529
1129 1051
2932 5313
7082 9185
3919 4889
3872 2812
5529 9090
9721 6569
4209 289
5802 1797
4490 634
6567 7131
4967 9981
9482 1165
9744 2693
7983 5578
1693 3309
9394 8256
1820 2001
4872 9364
8624 8440
3790 3796
6260 5186
5469 2025
9944 6702
9365 3425
7251 8530
9316 897
584 7915
535 540
7084 6322
573 5271
5863 4875
6724 6227
8784 3456
5349 9451
9005 3344
4962 4747
8942 8241
7640 7481
9503 1482
5055 7989
5574 2673
3895 8420
9743 3243
4964 2797
7270 1432
2370 3431
8799 9185
114 885
8065 4841
1401 4339
9071 9682
8519 4614
4155 5681
9852 5556
6484 5825
1281 2470
6174 5724
5367 5886
1462 11
1766 6960
3804 6977
3458 9524
3853 9676
6644 7427
3295 1918
46 319
4237 5917
8776 7488
5004 169
641 6044
7421 1119
4616 1065
8794 3114
6423 5920
6737 6883
7082 6194
8681 145
1783 6626
7516 3557
879 9424
9496 6101
5697 2566
5303 8005
9907 1283
8483 3854
7466 3321
8476 5934
9301 6231
7206 5001
3875 5998
9489 8232
3860 8837
7349 1155
5417 2069
8641 5552
8213 5230
3939 7180
7758 990
4917 7799
3498 4590
9036 1949
595 5103
9772 2713
3805 5153
4799 1715
8701 503
8614 9299
8336 1622
7630 6078
2424 6550
6218 8129
6715 3382
2197 9707
857 2069
4297 9919
6059 1287
5446 8985
3452 4113
1493 9594
6345 1053
5102 3815
4753 6933
1645 6688
1723 7658
2406 8564
3586 4847
1646 9439
9029 573
8709 8008
5418 2345
3925 481
2920 1745
6324 4541
6149 3717
8355 8078
46 8295
7990 8356
7345 2027
6290 1520
5416 81
3885 8917
8664 1956
5266 8844
238 6438
9046 3780
509 3298
7673 9784
4231 1708
8038 461
6663 5645
3926 5634
8303 3352
6215 1953
2156 505
815 3623
6208 6529
2739 1360
7521 2714
7284 3057
8550 1509
6765 6523
644 6445
297 8417
6486 9124
6222 6432
8807 6041
6281 3849
4462 261
3280 4450
7767 1972
8481 6705
8533 3861
6548 7335
7855 9608
3351 5137
1271 9257
2137 2830
7805 9262
9002 5783
3143 6325
1765 8030
4087 8504
3687 8491
4815 1632
5785 5844
5523 476
5034 4770
3931 3447
7464 7335
7060 3416
1078 7569
8699 9107
7369 1747
6986 652
7055 1736
907 1401
9601 1634
5447 9953
6576 4386
1459 6681
8899 2994
7664 7145
7068 5965
3880 8101
4135 8516
3900 204
7253 2843
9821 2704
6019 5848
8466 8754
1633 6739
4484 6329
870 7062
4481 2134
3311 2073
8739 2017
1236 5326
853 3367
1679 5839
1498 3897
1875 2659
1988 9322
1624 9712
9908 6121
2065 4138
2057 2848
729 138
8598 4425
5636 7306
1813 8258
9167 5054
3198 8073
6047 3503
4175 2400
3485 484
4873 4343
4163 7033
240 9359
2072 101
6772 563
7608 9650
8938 9345
5965 6937
543 3686
2323 9296
8055 5160
7731 4485
3504 6038
708 5212
8312 6944
2812 9837
4272 3508
3848 7577
920 4201
1329 3182
2200 3636
6920 7449
1069 8612
3099 7632
1131 3998
5201 902
2358 6634
8964 4465
5964 113
8074 7646
2481 2335
3467 4951
5144 4621
6818 3749
9383 1188
3047 9672
2021 6963
1700 9364
6646 9106
4893 685
7165 1036
6496 4820
4066 6760
630 1059
4144 6457
5811 9942
1269 7970
1461 1348
2233 8665
566 7474
4941 6943
3068 7741
3109 4311
999 8727
7538 7783
1921 5596
4311 696
3633 5375
2225 8714
2001 5454
5964 9030
567 3865
3328 5033
3529 9619
6430 5225
6331 7262
4485 4088
1430 5374
1708 530
2449 8964
6317 2085
9903 2923
4522 9652
8526 5717
9490 7313
3909 7215
9013 9855
466 2224
5978 492
8535 5053
309 9789
3287 473
9628 2743
9259 2244
6158 4944
8485 2503
8517 2227
8588 5558
2194 1990
3575 4401
4704 9759
4387 8732
7318 343
6777 4901
8790 822
3658 9558
4664 2370
2369 4915
2793 9163
733 7810
8234 7182
7430 4403
5161 1644
2223 1421
5572 944
4611 243
6591 8350
2733 1236
9702 3900
38 7970
8459 5844
5533 3231
6597 5436
2868 398
4927 5659
5504 9390
3174 1024
2343 9384
5475 9
6458 5258
9888 995
1131 4566
5744 3543
8098 1301
1119 9594
2030 2338
944 4822
2175 7157
4428 1836
4577 9354
7453 6651
5186 6432
6678 7323
1148 126
1861 3107
5701 6083
4549 247
6200 5568
7839 8281
806 6657
4118 5420
9205 8483
9650 4270
8743 8420
5200 7183
1610 9332
7309 4016
6834 911
6508 3395
4215 9664
3284 9433
4823 5691
682 444
582 691
1704 1575
4371 2495
2533 1426
7193 1886
4216 6847
7654 7640
6377 927
5709 2325
1178 3070
8827 2016
9219 8790
7974 8301
6360 297
3086 1382
7862 3537
9151 6150
5812 5912
5966 9688
4227 1137
8201 8971
1799 1258
1372 8922
6450 3587
9385 9350
2488 3167
3980 7463
6793 9854
7517 7850
8865 8584
5468 9718
7150 5197
8447 672
7628 8513
2337 2849
566 6757
3901 7698
2634 8400
9097 7698
3290 4253
9066 382
6326 5489
8329 5416
5246 489
7392 2985
6492 5685
3288 951
4436 3199
7500 379
9077 2585
8212 4216
225 7366
1415 6826
2328 9660
3327 8897
48 5648
5913 6960
7715 4907
3278 271
8588 6628
1695 4043
7813 6418
2504 2523
5526 320
580 4582
8939 8065
7985 9973
2464 7862
9065 8452
2482 1047
9599 4073
3757 2107
1109 8930
7375 5297
8761 2612
9148 4442
3751 9814
7976 2192
9614 6167
4892 3109
3298 7322
9971 639
386 9114
8552 8672
6639 5859
1792 1839
1878 1752
853 3784
6380 9910
8814 356
8200 3381
3871 7696
8107 9900
4277 6975
2554 5949
4033 442
446 3525
7306 8238
7878 3891
1834 6876
4217 6265
1152 1585
8445 8528
9148 5495
1059 8114
5281 6742
8583 4465
814 2615
2396 7131
3654 1455
2570 3018
8247 8491
3501 8347
9380 7285
6476 634
5328 7153
9768 6375
9419 5556
8119 5964
4210 2100
6502 1780
1700 5580
1345 1996
4614 3588
331 9956
6260 1214
3622 5493
5087 1154
6553 5899
4640 3165
6508 9527
9425 3794
1522 1668
1381 5362
703 8695
8482 1204
77 4857
4676 9298
3997 7028
9257 4246
1051 8495
7966 3128
7388 7123
9383 9703
1854 8455
8150 4787
9811 240
9108 742
1747 6423
5429 145
5131 538
1232 7645
3956 1193
1143 4087
5753 6090
1729 6203
5742 9551
7163 3222
8617 9265
8582 8477
3972 4880
5780 3974
8614 1073
6927 4210
9336 6824
9735 9754
682 3221
1085 3321
9592 2121
5632 6888
3958 5980
9854 5871
4325 3677
8731 5511
851 8166
8159 5643
7296 7148
4113 8919
6231 8542
1469 9603
9483 4407
9713 9042
7314 2774
252 7640
6873 434
4093 4362
2063 3028
9416 949
5843 1571
8315 2847
8631 5610
6393 441
2968 9845
3819 2165
2995 3574
1387 6590
3384 6353
8844 6101
1459 1861
6808 5864
3014 1129
5482 9453
4286 1260
7887 3515
3685 62
9043 3014
3893 7750
7606 8606
2813 7242
1804 1589
294 4956
1947 1452
3403 5398
3941 5787
7071 1385
9314 8903
7621 3846
4205 9970
1703 6414
1481 286
7243 1970
237 1120
2636 7967
3351 3668
6798 2731
1605 8621
5062 477
7255 9445
4920 7917
101 3617
5283 897
3943 1452
9983 858
3690 2041
8946 5256
8096 9325
4204 2115
764 5917
8644 8052
4412 2010
2024 4958
6170 2080
2815 9792
1711 8358
7812 3652
5292 1124
512 613
8821 9255
4684 7829
6136 6662
2843 5468
3175 2813
1835 9959
3801 7407
5924 1824
3602 8710
2628 3997
7539 734
8823 6700
5287 5092
46 4347
5603 4037
8479 399
514 3164
3450 9861
3106 9987
3779 3055
8175 514
9064 8555
1121 2185
7094 4016
9984 6009
9735 2672
874 721
8759 13
4013 3410
4102 8095
8721 5770
4152 531
6889 3212
9861 2480
740 5677
3721 4930
397 6322
9512 4637
1865 9302
2901 9742
8927 7755
6079 5198
6262 6744
996 8784
5386 8684
8521 8522
637 2651
6565 3104
2124 793
657 2727
3012 9938
637 2361
8112 7739
3502 6960
8868 2049
4564 498
2113 5752
8693 7801
8966 4886
2711 248
5791 9863
6448 5633
3527 5774
7478 8813
7642 7447
2876 3131
2496 4435
4057 9597
1382 4602
470 6543
2779 3513
3043 2547
1348 5279
9999 4909
4203 2966
9192 8838
5722 5028
7017 2757
1003 1389
3119 204
6385 6483
5548 9830
5040 1881
5918 8072
5561 897
7041 9949
7527 2989
994 8824
7168 8473
8611 9655
2765 6268
4796 4043
2909 7954
4575 6787
1534 7195
3461 4961
5589 9328
6656 7133
5158 7455
1031 9671
2398 2818
9789 2530
1174 559
2163 4041
3675 4232
807 7014
7567 9552
7582 8632
8806 7068
6496 8212
8698 5606
7713 1678
1536 6572
8454 8512
5738 3623
2603 6793
8449 2566
5589 7354
5429 5268
8726 8406
171 2017
2988 3310
4422 6626
8567 8890
990 6265
8095 6467
7993 7008
786 7770
5078 5843
2743 9974
4006 4180
5689 4685
3350 9198
9327 4891
9455 4123
1251 5633
5575 5934
1675 1390
3988 1472
3293 1710
3033 9972
8623 4950
6205 3197
9958 5828
3238 9925
8432 1580
4283 1825
6527 8861
3630 4882
7879 5875
8876 4427
4102 9455
4214 1913
9157 6792
5721 7824
7381 5983
6754 8211
6778 1840
3978 6644
3975 5616
8220 1942
5302 1909
6031 7317
9427 1328
9429 7789
9543 6599
1261 2089
6891 3630
2177 4425
2907 4538
1442 924
3539 9665
4942 6307
3193 1669
5986 6253
3292 1142
2732 5787
7464 635
7303 4873
2449 3866
5290 5248
8834 8912
7048 3715
275 7837
6057 6758
9122 3781
825 9678
767 544
6608 3921
612 1411
880 7759
4452 3016
1652 9982
2676 1242
2061 6411
3048 6023
1921 117
490 8035
8578 7847
6061 5754
1306 8733
2064 1314
7111 2569
4694 26
5283 3955
3147 1018
3577 3291
7324 1968
4661 1071
8085 760
2797 4821
8263 1971
3106 4693
3633 1192
9752 1223
2722 4490
9419 6566
9436 7691
7584 2253
9704 2334
7813 6912
5437 6240
7295 4886
5849 5551
7717 2251
2479 8534
7687 385
6232 5963
979 3906
4064 3581
1836 2243
3291 5442
7350 6398
4627 8363
7412 4549
3052 9769
930 443
7178 2715
1090 4595
307 4397
4537 2463
6802 4068
6012 8540
4209 5276
4573 8199
8679 2397
5617 1094
3006 6208
7931 7509
9126 7276
9731 7331
8441 3805
7200 7329
3265 8373
6983 7509
4571 9379
6840 9279
1110 5182
7813 86
89 5236
6330 2428
1763 2289
4891 6022
9971 9413
5795 6088
6210 83
3336 2575
4687 1828
550 6297
6160 4630
33 6942
2198 8173
4142 8258
3140 503
6215 8839
8417 2216
3590 4544
2021 604
8181 1489
6180 2683
9831 7039
541 7622
2555 2379
9963 9085
7988 7545
9731 5075
5590 5966
1927 3099
3717 9342
4616 7516
4598 3204
8523 7709
1757 6134
8648 6041
3231 3187
7880 3576
5704 8665
1134 8514
2976 1126
6593 3418
1468 6686
9338 5069
6672 1192
1759 7566
6431 5922
5366 9115
3355 7969
1512 134
2347 6808
5503 5142
6514 1259
7128 4442
2060 4139
596 2816
8623 5427
8971 9332
6727 6132
3570 3295
1226 5842
1200 3337
2656 7480
4248 1915
1479 9729
2365 9155
8354 5444
5890 1546
2875 7148
3755 8236
8059 6324
1422 3442
6379 2581
9911 258
1761 1974
2825 9984
215 8544
6664 7622
3014 3198
1045 9084
6562 3778
4423 2389
2232 7229
9263 8248
3060 2289
9414 2188
9467 5471
2331 3095
6836 19
9508 3621
8437 4298
3265 9387
3464 1479
4950 9335
6380 5174
3048 4185
1884 4970
8630 6468
6719 7803
5658 709
